06 21 24 27 35 39  44
08 21 23 25 31 36  11
01 05 18 19 25 44  14
10 25 27 28 39 47  13
08 30 32 36 37 38  10
13 25 27 36 40 45  12
03 05 10 12 31 39  40
10 17 28 33 38 46  41
04 14 25 29 38 44  23
01 07 13 17 23 42  37
02 20 21 23 28 32  04
02 29 32 42 44 47  40
04 14 17 21 36 45  10
01 08 13 18 33 47  35
10 18 26 27 39 47  23
05 22 25 33 43 47  10
01 03 11 15 23 40  22
11 12 13 14 35 44  19
02 15 18 34 38 39  13
16 17 29 30 34 39  20
10 28 32 34 42 45  23
20 21 39 40 44 45  09
10 19 25 27 31 44  40
03 06 11 14 27 28  19
12 15 18 24 29 35  14
05 28 29 31 42 46  38
05 20 23 28 38 45  17
02 09 12 20 41 46  25
02 13 18 33 43 44  01
03 07 16 21 34 41  32
13 18 25 28 36 44  03
04 20 25 30 35 38  15
03 08 13 23 33 41  47
08 26 35 38 40 41  04
19 20 29 34 41 45  37
01 11 25 35 39 46  02
04 05 08 09 18 46  37
01 12 21 22 26 32  31
03 06 07 19 27 44  43
14 15 19 41 45 46  44
24 30 33 38 41 46  08
05 06 09 11 25 40  43
08 09 15 23 32 38  36
19 30 31 39 40 41  42
17 18 20 28 31 41  21
01 08 15 19 29 36  33
07 09 28 32 33 34  46
05 06 24 33 36 45  01
04 13 24 27 39 41  34
06 19 24 28 32 47  27
22 29 31 35 36 44  03
07 17 21 24 26 46  11
03 04 13 21 29 38  34
08 11 13 19 25 42  29
10 12 14 28 32 46  31
07 10 12 15 33 36  38
12 13 25 29 32 46  18
05 13 24 25 31 33  02
06 08 22 31 36 39  30
06 18 23 26 32 33  11
06 08 09 16 17 20  36
05 06 08 19 23 42  36
14 30 33 34 39 41  09
27 28 33 36 45 46  04
21 30 35 36 40 43  22
05 14 20 25 39 41  16
04 15 18 19 38 40  36
01 07 11 17 18 25  44
04 09 19 23 29 44  36
01 15 30 34 37 40  33
12 19 21 26 30 39  28
15 17 18 22 30 47  08
07 12 17 27 30 33  32
03 04 16 25 31 33  36
04 06 18 23 24 46  07
19 22 23 32 44 45  03
04 13 17 28 45 46  31
04 06 08 10 12 25  16
12 16 24 27 41 46  04
22 23 24 25 32 43  39
06 07 28 29 30 45  26
15 17 23 27 31 43  06
16 20 21 24 26 28  09
06 12 15 35 38 39  47
09 15 24 29 32 34  06
01 13 15 24 38 44  28
03 15 17 30 33 46  01
02 03 09 33 40 41  26
13 15 37 39 42 43  22
10 17 19 26 30 44  14
22 30 32 35 38 47  11
02 09 12 18 41 44  24
03 08 09 17 34 36  38
02 04 10 16 25 43  38
09 16 22 26 30 47  10
01 14 26 27 40 42  17
05 06 16 21 25 33  19
06 09 10 23 35 36  05
03 11 22 29 34 39  46
04 09 10 14 34 40  45
05 10 11 24 31 33  36
03 11 14 26 39 44  02
04 22 24 30 33 41  05
06 07 09 14 29 33  47
01 04 09 18 19 23  45
01 02 08 09 20 47  25
05 11 23 24 39 41  03
08 16 21 24 32 44  30
10 19 24 33 35 36  39
01 04 11 22 30 39  35
04 12 14 26 27 35  25
05 34 37 39 42 43  04
