13 20 35 38 44 45  05
06 16 18 19 29 37  25
02 09 14 26 35 39  11
03 08 11 14 24 41  30
05 12 15 30 43 44  19
10 20 35 43 45 46  28
04 21 22 37 42 45  09
04 27 38 42 43 47  19
11 18 24 30 34 37  23
08 28 29 45 46 47  13
07 12 13 17 36 42  27
09 12 14 22 29 43  08
18 21 23 28 30 32  01
05 09 18 20 41 44  14
02 11 16 29 40 46  47
01 10 24 25 43 47  34
01 13 18 37 39 40  34
09 19 20 28 29 35  15
08 13 20 27 37 38  45
07 19 26 36 37 42  33
03 08 09 26 31 43  23
11 18 20 26 28 47  10
09 11 13 23 30 44  32
05 09 19 32 39 45  13
04 07 10 11 21 45  38
07 10 25 27 33 41  19
14 33 36 37 39 44  40
03 12 15 18 23 34  42
12 15 27 36 37 46  22
04 06 28 30 36 39  10
05 07 18 19 46 47  43
14 18 26 27 33 41  35
01 14 21 36 42 46  26
08 19 25 32 41 46  27
03 20 28 37 41 42  09
03 05 15 17 34 37  40
01 13 24 29 34 47  20
01 11 14 26 39 46  18
10 11 19 23 39 44  17
05 07 10 12 18 39  45
06 24 36 37 41 45  09
01 12 13 29 37 40  32
09 10 12 18 31 37  14
04 16 19 25 34 44  33
08 19 32 37 44 45  40
02 08 14 21 26 27  24
01 20 22 33 35 45  11
01 08 14 29 33 44  05
11 23 29 33 36 45  20
14 15 19 24 32 39  47
12 16 23 27 35 38  19
04 11 15 28 29 40  16
07 17 21 26 40 45  37
02 04 20 21 22 39  27
09 15 31 33 38 41  44
02 24 25 32 35 45  01
01 02 13 14 21 47  42
09 26 28 33 35 46  32
01 05 09 23 30 41  04
03 12 24 33 34 45  40
09 16 21 25 32 33  38
04 05 06 21 25 27  16
13 21 25 32 33 37  20
02 08 17 20 32 46  15
05 16 20 28 31 38  15
03 08 10 12 35 37  02
02 09 14 28 45 46  15
18 24 27 28 32 36  39
01 07 14 16 18 47  40
02 10 21 28 29 44  30
02 08 10 11 15 21  07
07 20 21 22 24 34  19
04 18 31 32 37 40  15
01 10 13 14 27 35  02
01 04 08 12 29 34  18
05 18 28 31 37 45  36
02 06 07 13 22 26  35
16 21 28 33 39 46  03
04 14 17 36 38 47  42
08 09 15 23 27 34  36
06 13 15 24 34 44  31
07 08 09 33 36 37  12
06 12 14 19 21 29  45
07 20 27 29 32 44  33
07 18 27 36 40 43  28
02 03 12 30 33 36  07
02 20 31 35 39 45  24
21 28 29 30 34 39  40
01 02 06 32 34 42  41
07 09 20 21 39 43  34
06 20 21 32 38 41  33
06 07 13 16 21 46  17
04 19 31 32 41 43  30
12 18 22 28 32 38  29
12 20 25 29 40 41  11
03 06 12 18 27 30  38
01 03 09 37 38 42  02
10 21 29 31 38 41  26
09 17 31 32 37 46  27
03 12 18 24 34 43  41
01 13 20 23 33 38  03
02 08 30 35 37 44  01
03 30 37 40 41 44  19
02 11 15 32 33 41  40
11 16 32 35 38 39  12
12 20 21 29 32 47  09
03 09 14 16 36 41  43
06 10 19 29 30 36  01
13 26 27 32 40 43  41
02 03 21 25 33 46  07
