03 11 13 14 18 21  22
12 17 21 35 36 43  14
10 21 28 32 40 42  45
04 11 13 27 29 35  42
14 16 31 36 42 43  39
06 09 26 31 34 44  37
01 13 16 28 38 45  17
09 12 21 29 31 33  47
02 23 27 30 39 44  26
01 09 18 21 38 45  35
12 15 27 37 44 45  33
01 06 08 17 32 47  40
01 07 08 19 30 37  16
11 15 31 32 33 43  01
18 22 29 31 37 41  13
08 10 17 24 27 38  12
03 07 15 19 28 29  01
24 30 36 37 39 41  14
01 08 16 23 33 40  11
08 15 18 21 39 45  28
13 19 26 33 38 46  09
02 32 34 39 40 45  20
07 10 14 21 29 30  43
07 21 26 36 41 46  13
03 06 13 24 31 37  27
01 10 11 19 27 37  31
11 17 18 24 32 38  05
02 06 08 32 44 45  04
01 10 12 19 24 39  03
03 07 16 21 34 45  39
11 16 22 31 34 41  35
02 04 13 22 29 42  23
07 15 26 29 34 42  22
10 20 26 31 36 40  47
03 04 05 06 37 46  09
02 05 09 15 17 44  39
02 13 16 30 39 40  15
03 10 20 30 36 38  40
07 14 35 41 44 45  27
09 12 31 36 41 43  28
12 14 22 25 27 40  24
02 15 33 34 35 44  21
04 08 15 24 41 45  28
03 08 12 13 32 42  11
07 25 29 31 36 43  34
01 09 13 30 31 47  02
32 33 36 41 42 43  17
01 03 06 17 29 34  32
11 12 19 34 35 39  08
06 12 29 32 39 44  24
05 10 13 22 35 41  34
04 26 31 33 36 38  28
05 32 34 38 39 49  08
10 20 21 33 40 44  34
10 20 26 28 35 48  13
14 19 23 36 44 46  07
09 24 25 27 36 38  41
07 13 14 20 29 32  28
11 22 24 28 29 38  20
01 11 29 33 36 44  37
09 12 25 31 43 44  05
01 05 06 31 39 46  44
01 23 25 32 43 44  30
06 22 25 26 27 45  36
03 07 11 22 28 36  18
09 10 11 15 19 28  37
05 10 24 32 39 49  01
05 15 26 27 28 35  02
05 28 29 31 44 46  45
07 14 26 32 41 49  12
04 23 24 25 38 40  37
10 17 36 43 45 47  33
02 06 16 26 36 41  08
01 03 08 25 43 46  21
02 07 12 19 23 49  04
22 24 28 33 36 39  41
03 07 31 32 35 47  15
03 04 23 25 31 44  35
10 37 40 42 43 46  30
15 22 34 40 41 47  10
08 14 16 22 37 46  36
11 23 32 33 43 48  02
05 13 19 27 29 35  40
15 19 25 34 38 44  05
01 10 34 41 47 48  19
10 12 15 17 34 42  29
07 15 24 41 47 49  25
06 10 11 32 35 46  22
05 09 20 30 32 42  02
05 09 18 25 47 48  17
01 12 14 33 36 37  13
05 07 16 37 42 44  38
01 13 18 30 32 46  19
08 12 19 22 29 41  01
08 10 14 25 43 44  41
02 03 08 22 27 28  45
01 03 12 23 31 48  34
06 07 29 32 42 46  01
05 08 09 26 33 38  28
02 06 14 25 45 49  42
03 15 22 23 42 47  18
04 16 18 25 29 41  21
19 21 40 42 46 47  33
17 19 26 31 37 43  38
09 11 14 17 24 28  46
11 21 27 31 37 44  01
05 36 37 38 46 49  17
07 15 16 23 31 35  08
06 18 39 40 41 42  09
13 18 23 24 26 33  15
01 11 18 19 39 40  42
10 14 22 34 40 43  04
10 18 19 28 40 44  24
