23 27 26 05 16 06  46
10 43 12 38 09 26  15
08 23 22 49 21 17  24
32 28 33 11 13 07  20
02 40 39 42 34 36  29
44 49 16 20 21 43  06
36 06 38 27 14 23  49
30 10 25 46 05 41  48
07 28 08 04 05 06  23
28 43 12 07 20 27  46
18 31 11 26 46 04  16
22 11 28 38 40 23  29
12 08 24 39 04 40  18
20 49 19 10 16 40  24
41 48 13 24 16 01  35
42 19 13 45 28 23  15
25 04 21 12 09 34  36
38 09 44 42 32 33  43
48 15 40 20 35 45  30
10 35 39 31 22 20  17
49 21 03 20 43 02  32
22 23 35 08 24 10  33
13 14 39 23 21 42  36
30 28 23 34 13 42  20
48 22 21 49 26 37  35
48 12 43 30 40 17  18
32 29 21 43 38 41  07
13 06 47 11 40 24  42
07 11 33 23 13 31  28
37 39 15 28 27 09  33
38 12 45 26 18 34  43
31 36 26 07 27 14  43
20 11 14 47 17 42  27
09 24 02 13 10 15  19
32 48 07 07 37 01  26
37 47 49 30 19 41  03
10 19 35 08 31 03  36
19 07 30 44 37 34  48
11 29 32 20 33 23  35
35 34 09 29 17 20  18
29 08 36 38 32 31  12
39 28 06 43 45 40  42
23 14 43 28 08 17  26
49 31 27 28 29 01  06
31 16 47 13 39 19  29
21 37 47 12 02 49  11
09 44 30 48 27 33  37
10 19 44 26 30 32  29
27 38 31 14 44 03  26
22 03 11 18 24 37  49
04 10 24 47 03 26  12
21 02 37 44 10 22  47
37 09 40 29 07 26  11
18 16 32 47 44 14  02
47 20 39 06 12 05  38
12 46 01 16 13 36  49
23 35 01 33 06 21  30
42 24 28 29 30 49  47
17 31 28 37 43 14  39
04 07 05 01 09 27  21
12 24 30 39 16 21  07
07 31 10 05 23 34  38
06 29 09 14 17 02  22
24 18 46 26 29 30  39
25 34 14 12 30 35  23
02 34 11 06 20 05  32
16 33 36 31 38 29  04
02 31 17 12 40 37  01
28 42 17 26 16 40  44
33 18 09 38 26 06  29
11 18 21 27 02 20  10
06 39 03 08 02 25  38
30 47 13 36 20 16  24
18 36 09 10 21 45  06
33 14 31 08 36 42  34
25 07 37 39 10 21  09
36 28 27 41 05 06  47
22 25 17 15 28 16  12
04 26 17 38 01 44  11
28 21 07 41 31 12  03
41 05 01 28 21 35  38
04 48 13 34 02 49  24
28 33 47 38 17 42  34
23 40 31 19 47 44  03
37 09 16 30 31 32  24
06 27 36 43 49 38  40
14 39 42 20 16 40  12
44 41 24 35 25 47  38
30 15 43 21 10 07  08
47 21 42 25 49 07  01
39 17 10 45 19 11  15
08 12 04 23 15 33  36
09 41 18 22 06 31  24
05 49 28 14 27 06  42
37 01 04 28 19 49  29
44 48 37 29 28 25  43
11 22 34 48 14 24  43
31 34 18 25 37 35  05
11 48 39 30 41 13  45
15 45 07 10 49 38  22
04 02 46 14 03 44  05
41 18 48 12 08 23  19
02 39 25 08 19 03  49
48 35 15 20 31 10  14
14 30 01 22 31 19  34
22 13 33 42 29 06  11
36 48 13 37 33 11  46
42 33 44 24 31 23  27
48 05 17 34 42 19  44
01 39 47 38 36 22  27
12 26 03 39 30 41  25
