49 31 39 33 36 03  01
17 43 22 07 29 34  36
26 14 39 43 40 33  23
30 49 34 39 43 48  06
13 09 31 40 08 48  43
05 49 03 19 26 32  01
05 32 28 31 09 06  19
40 41 13 18 10 29  04
22 21 31 24 27 42  11
46 30 41 01 32 29  08
48 04 45 46 10 43  13
48 12 43 35 22 29  38
37 39 44 22 32 20  11
32 21 31 09 22 17  04
04 13 15 28 45 49  07
07 15 20 28 38 41  37
03 06 09 14 26 40  19
07 41 25 24 22 40  01
16 08 04 02 17 03  06
01 14 39 48 45 09  03
46 08 49 33 20 36  18
42 19 34 20 01 43  15
09 31 35 10 41 26  42
10 31 21 30 42 26  48
35 43 14 36 33 23  37
37 18 10 39 07 23  17
03 04 36 25 47 02  08
06 44 21 49 28 36  32
05 39 17 20 04 28  03
13 22 21 10 07 23  35
09 37 45 11 21 27  30
31 22 26 13 12 11  10
13 31 07 25 03 33  45
49 17 47 12 42 09  34
49 24 01 30 47 23  42
34 23 31 45 47 43  48
06 19 22 25 12 09  17
39 44 46 08 32 36  33
39 24 48 44 30 43  23
07 29 46 49 11 15  21
26 34 19 31 30 04  37
16 21 29 37 46 47  35
08 28 33 36 38 47  02
24 13 37 11 22 07  36
09 21 48 37 40 13  12
15 08 07 27 49 34  22
10 23 49 43 30 21  03
31 40 45 47 04 18  29
40 23 37 45 14 27  39
24 02 19 16 49 48  12
03 10 20 27 40 46  09
43 09 39 32 38 27  31
41 13 47 40 37 33  48
29 08 06 12 40 32  45
29 37 49 07 18 28  12
48 42 11 46 43 26  32
07 03 20 13 48 36  47
05 28 18 32 21 09  07
28 38 24 41 46 48  36
13 40 03 05 11 06  45
33 44 29 07 21 23  09
03 09 14 25 07 44  45
18 35 16 48 49 02  43
42 09 37 22 48 40  26
28 36 13 06 08 03  38
36 06 07 01 42 12  34
13 21 18 35 01 03  15
06 37 38 30 43 31  24
07 48 32 09 49 18  10
32 06 21 08 12 43  25
24 07 08 01 42 06  22
36 10 22 37 18 34  15
35 43 01 02 34 20  37
26 16 35 36 01 31  38
13 14 32 40 43 48  12
49 14 37 29 27 07  09
39 08 27 45 13 40  49
16 39 27 08 48 40  14
17 27 47 45 44 16  49
21 48 34 19 49 22  42
30 22 01 16 34 05  39
30 27 39 29 40 42  47
19 24 36 44 12 27  29
36 28 37 26 14 23  40
14 10 36 17 45 30  47
36 09 19 02 37 30  41
42 48 01 33 44 30  49
27 16 23 18 17 05  10
11 01 45 05 32 22  28
28 37 21 18 15 17  40
03 16 04 45 32 19  14
23 38 47 27 20 40  33
07 21 30 36 10 03  14
11 18 42 12 20 27  16
30 38 41 24 07 20  19
42 01 33 30 35 03  12
17 42 30 11 46 14  29
17 15 40 41 07 28  10
49 39 36 28 22 31  32
20 14 23 12 28 13  22
13 15 43 03 39 44  31
12 22 14 46 48 04  23
43 18 19 45 48 33  11
39 16 32 26 04 24  06
20 37 06 35 04 39  41
27 29 17 34 07 30  36
43 44 07 12 33 20  38
21 41 05 17 31 27  06
30 27 48 31 12 34  17
26 25 33 15 11 24  42
30 44 45 43 06 24  11
26 01 49 27 12 36  21
37 21 23 30 33 14  10
25 07 19 45 42 18  14
13 42 38 17 02 33  05
21 31 30 12 02 05  06
33 07 13 12 16 09  37
09 49 07 39 38 22  48
41 23 15 07 30 34  10
26 28 03 11 13 12  31
43 06 30 40 26 34  03
10 25 16 21 38 15  24
19 49 21 17 40 35  42
28 34 44 09 21 30  10
42 08 21 31 38 29  23
03 10 36 09 27 31  26
24 10 46 06 31 13  25
25 48 16 44 42 26  20
28 46 04 36 49 43  40
37 36 31 03 09 45  19
31 48 37 25 19 03  12
11 14 46 47 26 06  40
32 25 24 34 39 01  10
20 45 36 02 49 48  21
45 01 10 43 12 16  13
02 41 37 28 30 15  31
48 09 05 43 35 38  06
17 20 34 38 28 47  14
