11 39 36 43 18 32  34
08 06 20 04 05 38  35
03 42 10 06 40 14  15
49 42 30 38 10 45  27
35 05 11 25 40 06  44
46 42 27 30 16 24  17
49 14 10 25 16 09  23
13 05 26 21 18 20  11
09 28 21 46 33 13  06
07 35 05 46 19 13  24
20 34 37 48 31 15  04
35 06 26 03 15 07  40
09 28 18 33 19 02  35
44 18 23 09 33 49  29
20 33 19 48 37 02  10
09 36 21 43 38 49  23
41 08 21 20 02 40  24
25 13 19 32 11 16  26
27 28 08 05 33 46  02
08 13 16 47 45 42  33
49 28 42 45 02 18  17
41 02 16 20 32 35  24
25 06 41 22 39 49  13
36 42 44 41 16 01  18
25 03 33 35 12 07  30
43 25 40 31 05 02  22
35 16 02 10 37 45  26
48 17 04 08 47 39  01
49 24 08 42 03 07  37
11 31 28 06 03 08  19
44 49 27 45 02 06  23
48 44 25 30 22 02  46
01 36 21 09 47 35  33
22 24 25 10 13 02  05
02 37 14 10 29 05  03
09 47 21 06 46 13  12
43 12 38 14 02 39  48
43 31 17 22 12 11  45
15 25 29 10 37 34  13
01 49 05 25 35 24  14
14 03 40 49 46 05  06
22 10 36 23 28 09  49
45 12 17 47 43 33  10
15 42 49 29 19 11  05
09 33 35 22 04 30  13
13 02 38 17 03 14  31
45 03 27 38 31 09  34
13 39 30 47 36 12  08
08 22 02 38 40 36  05
37 36 21 13 30 16  02
25 16 08 33 37 02  01
22 20 21 09 30 48  06
49 10 09 07 21 39  41
11 36 20 14 41 04  15
38 02 35 14 23 16  47
12 07 45 33 44 18  32
39 14 17 42 32 03  08
31 16 47 18 34 23  38
16 21 06 10 20 05  19
22 11 42 23 01 18  10
45 33 49 43 12 39  10
46 23 28 17 26 22  02
43 16 24 17 19 11  13
43 39 20 33 17 04  26
40 04 39 20 32 42  33
41 26 48 11 18 10  27
03 13 37 27 36 29  24
29 40 48 18 11 22  44
22 18 07 02 48 05  11
36 35 05 44 07 15  04
06 47 15 25 26 18  27
11 32 22 31 29 42  03
38 02 21 44 48 29  10
38 40 15 49 33 25  21
01 32 25 46 23 30  42
22 27 36 04 32 16  17
43 23 32 45 02 04  42
43 41 09 06 13 21  45
30 31 04 22 34 24  17
39 23 06 21 16 10  05
22 07 34 06 30 18  02
34 17 49 48 10 18  29
49 05 06 35 39 17  44
42 31 14 30 26 05  04
15 13 29 08 48 28  03
15 07 22 08 35 49  17
25 14 06 27 12 30  08
43 39 42 49 35 25  05
46 14 13 33 05 45  25
33 25 42 36 21 48  13
27 19 47 38 07 01  03
33 21 05 44 34 45  40
22 38 09 35 13 39  04
38 11 09 23 29 33  06
32 49 13 09 38 48  41
27 21 37 01 48 11  18
39 19 24 41 49 02  21
17 22 08 29 03 13  18
26 01 36 47 14 03  42
39 29 05 20 25 13  35
03 37 20 23 01 33  14
17 04 26 46 40 09  18
19 24 48 04 21 14  10
18 48 34 11 35 07  42
39 15 09 41 23 20  44
10 13 08 48 31 14  47
04 01 33 40 19 34  25
41 46 39 29 26 16  34
28 24 42 33 22 34  48
14 05 27 03 08 35  09
21 04 05 47 37 26  07
04 19 12 02 13 42  39
26 14 19 06 01 30  17
17 35 43 28 01 20  18
24 15 14 35 11 20  33
02 16 36 25 09 38  14
27 29 45 26 23 30  18
48 15 25 11 09 44  27
09 29 48 16 08 24  05
24 34 35 38 47 41  45
17 14 03 47 46 41  20
20 15 42 14 18 38  45
44 43 30 22 06 10  29
30 09 31 25 35 37  01
19 13 05 40 02 49  07
11 08 37 31 10 24  38
34 41 02 18 37 30  28
34 03 10 01 31 35  27
11 20 38 49 03 13  19
49 48 03 35 13 10  33
48 12 07 37 41 08  40
22 24 21 40 01 13  27
26 30 23 24 47 49  43
15 10 09 04 49 14  05
15 46 02 03 32 30  23
12 31 23 25 45 44  03
05 08 13 43 04 01  22
38 03 45 37 25 16  18
24 45 26 18 44 13  27
47 33 41 38 32 10  06
37 27 32 09 10 45  04
15 07 03 02 14 01  11
03 36 31 16 42 09  20
02 35 22 32 09 41  20
06 01 33 22 47 14  09
43 27 19 14 12 34  24
15 40 04 22 01 44  02
16 20 30 09 19 43  44
42 24 08 19 23 18  32
10 22 36 20 06 19  03
09 04 43 18 17 31  19
21 22 11 24 41 09  33
11 07 31 43 40 02  36
