12 06 14 32 30 38  41
07 33 08 49 40 42  13
49 38 03 17 33 43  14
19 11 34 14 16 43  48
27 10 41 40 02 01  43
28 07 06 38 25 45  16
04 23 42 25 38 14  10
07 48 49 33 10 39  42
28 09 26 36 18 44  19
25 17 35 06 32 31  15
06 05 24 23 38 48  30
25 36 39 11 26 41  16
11 12 24 14 18 09  38
33 08 13 32 39 47  17
27 11 39 19 12 06  28
47 42 22 12 19 11  36
44 27 26 37 24 09  03
32 22 11 45 25 41  01
03 13 21 22 14 32  07
38 07 17 48 15 45  46
33 28 09 42 16 17  29
37 35 04 18 47 17  32
18 39 32 08 11 02  46
32 36 09 24 07 22  08
38 30 10 41 16 09  02
43 18 25 29 16 33  41
30 04 43 46 10 35  14
27 41 05 08 22 32  45
06 12 16 49 33 25  48
02 16 07 30 37 39  20
04 01 39 46 12 35  14
45 14 39 40 49 01  42
49 45 23 36 26 21  02
23 42 01 11 37 43  24
12 47 43 06 15 09  49
12 05 22 06 40 02  24
32 12 24 46 36 21  13
23 40 45 02 44 22  32
16 17 38 28 21 45  10
22 48 09 30 42 41  49
13 40 33 35 48 39  27
05 36 41 23 08 07  24
45 13 06 09 31 40  47
27 45 04 35 08 24  15
14 19 44 11 35 49  10
43 40 49 45 20 02  38
07 48 29 15 09 32  38
19 41 42 49 27 44  20
07 19 04 14 06 37  09
35 17 24 22 40 37  11
44 38 27 11 10 18  37
32 03 17 47 44 46  33
20 11 45 07 49 09  42
11 46 30 23 20 48  22
04 06 41 14 46 12  15
36 38 25 16 14 28  40
30 43 33 42 12 30  15
05 27 04 37 14 39  35
46 21 36 31 24 38  43
38 20 40 23 28 21  13
29 23 36 26 24 41  12
25 08 02 46 12 29  07
01 25 38 07 20 04  17
26 16 42 46 20 27  32
11 22 37 05 09 21  32
01 04 47 44 15 34  07
48 06 09 01 37 36  13
45 31 30 07 47 41  04
19 41 21 29 33 03  46
28 03 15 37 18 19  30
08 11 12 20 32 04  47
26 43 45 05 11 01  22
10 27 28 31 38 24  23
02 47 17 35 24 32  34
46 41 38 04 40 15  33
18 44 04 37 01 10  20
48 22 45 16 35 36  32
38 25 26 14 23 35  21
08 10 35 45 04 15  16
17 43 12 31 13 24  49
06 16 18 22 17 49  33
45 24 30 49 19 10  34
10 12 42 05 13 16  41
01 45 42 27 26 36  12
43 45 09 18 05 40  17
41 49 30 16 26 36  13
22 46 28 32 13 37  17
30 31 29 38 18 21  34
40 21 03 47 43 04  07
29 40 08 22 35 41  06
48 45 14 26 01 32  46
44 04 03 17 12 05  37
35 38 43 44 06 09  41
09 27 12 40 29 07  05
18 16 30 14 35 26  10
18 22 35 14 40 31  46
48 22 13 10 36 33  31
28 43 20 10 37 19  06
42 06 44 23 20 45  13
04 43 37 20 27 09  07
34 39 23 13 03 04  37
02 44 16 39 38 06  15
38 49 45 06 28 44  34
04 44 12 35 40 18  38
03 31 34 35 14 01  16
36 44 14 26 23 35  05
38 32 08 25 14 15  11
08 24 17 27 07 06  38
41 10 37 43 12 24  17
41 40 11 13 06 28  49
24 06 48 44 49 05  45
08 25 24 34 02 16  40
45 09 06 34 23 17  02
42 41 47 35 44 49  48
30 37 21 43 34 10  17
29 28 38 37 14 06  12
38 07 20 25 45 33  26
16 49 32 10 09 23  19
42 12 23 26 19 33  27
27 25 24 23 45 43  11
10 06 11 14 31 40  49
39 37 47 01 48 02  34
19 14 42 18 04 30  34
31 37 21 29 13 06  25
35 42 04 49 34 31  01
35 27 30 46 43 02  36
31 19 41 47 42 12  13
18 43 24 05 09 12  07
47 40 13 04 27 25  45
30 37 14 28 06 18  21
15 08 41 01 43 06  02
02 42 30 06 15 38  29
16 18 41 45 27 12  29
04 32 25 01 06 20  43
44 06 22 13 30 14  26
39 01 12 40 29 48  41
40 42 18 05 32 25  04
07 45 27 33 35 25  06
13 27 19 10 48 43  08
29 30 35 18 25 32  39
45 26 28 30 23 18  15
05 39 26 46 38 33  47
35 14 41 38 42 09  40
35 16 40 41 18 24  47
05 42 23 15 07 18  10
17 23 01 44 40 25  26
02 24 19 40 01 06  44
01 46 17 09 28 42  32
21 46 30 01 02 44  33
17 37 48 40 38 07  43
06 48 12 33 16 41  08
21 23 45 37 15 16  04
