16 30 21 02 10 22  26
23 42 45 30 09 14  19
22 46 19 33 18 42  07
07 16 03 47 19 44  31
36 41 15 12 49 40  42
06 09 32 24 10 12  30
01 47 28 29 16 15  37
34 42 22 13 05 29  37
37 44 47 05 17 38  12
44 40 47 04 12 19  49
42 13 07 21 17 45  36
36 09 25 08 17 06  04
09 14 24 10 04 29  38
26 12 46 08 44 31  42
03 47 36 46 25 23  20
42 44 09 48 12 45  35
04 14 24 21 48 06  08
32 42 10 22 14 28  36
12 37 39 31 17 46  08
39 12 26 08 15 44  06
36 26 09 16 06 29  08
15 21 14 08 20 07  44
47 38 32 09 37 01  25
15 24 14 23 19 25  02
24 22 34 15 05 46  26
22 37 25 49 30 38  15
07 33 17 02 47 20  45
11 40 04 03 28 37  36
48 21 39 27 33 32  09
32 16 30 15 02 12  05
43 10 16 19 42 33  12
37 14 11 21 17 12  10
32 14 21 18 06 46  43
27 32 23 13 43 34  22
12 16 04 38 46 15  21
42 36 05 38 14 34  19
42 24 40 32 43 36  47
29 01 07 15 23 35  14
33 39 07 13 20 45  30
02 18 46 17 10 06  34
45 04 21 29 41 22  14
44 07 29 09 49 22  01
38 47 16 45 03 25  35
27 02 42 22 41 07  05
19 12 11 01 30 28  49
33 14 29 10 48 22  05
31 04 43 41 18 42  24
45 34 46 20 42 15  23
34 17 46 38 04 49  07
41 07 20 36 03 34  39
08 21 30 49 38 11  35
06 29 18 01 39 48  10
31 30 45 41 05 29  47
07 03 09 16 34 02  14
48 11 21 41 28 14  32
29 09 38 25 36 41  23
49 43 46 23 06 31  40
03 07 20 18 27 11  02
45 36 28 38 40 33  04
21 32 46 08 01 37  22
25 11 14 27 47 19  20
49 02 28 46 12 20  31
14 27 09 12 36 20  11
47 29 26 05 07 18  02
04 43 09 24 22 19  01
01 23 05 08 48 32  03
46 13 16 07 35 42  25
08 11 33 43 20 15  34
42 39 12 43 13 25  38
37 41 16 30 27 25  36
26 02 19 17 22 11  13
07 11 24 32 49 35  46
34 01 19 39 48 43  45
36 45 30 26 19 12  20
16 26 18 21 48 30  45
17 05 11 15 46 25  24
22 24 40 19 06 29  04
20 02 19 49 14 17  26
47 38 41 06 30 27  20
24 30 46 31 26 04  02
02 09 21 47 18 32  26
02 39 10 46 47 19  41
14 45 03 17 29 05  31
39 38 29 24 41 28  19
13 15 04 06 01 48  39
11 03 01 47 15 39  44
23 22 04 31 47 36  20
49 04 28 46 11 20  31
18 12 04 40 11 21  44
08 45 48 47 01 20  11
32 09 36 34 37 27  20
48 39 38 18 47 28  24
08 05 30 10 11 23  42
24 15 31 39 23 01  33
27 18 29 37 03 06  04
24 34 06 23 16 20  42
33 03 20 18 15 01  48
26 12 22 27 29 15  37
48 04 12 29 03 32  16
15 11 32 12 24 05  39
24 05 42 08 17 30  34
35 33 04 18 26 17  40
22 17 19 40 27 46  04
14 09 49 06 47 17  38
09 24 41 48 35 40  31
21 13 11 20 28 16  15
29 31 35 33 07 32  48
35 03 43 01 14 17  47
35 11 49 14 17 16  34
30 28 24 21 48 19  26
41 23 28 39 37 20  26
09 05 18 01 24 32  38
34 09 36 19 22 26  24
03 01 41 30 47 09  19
33 15 48 01 40 05  21
16 39 04 06 22 11  10
36 12 15 24 49 17  14
35 39 21 31 33 44  28
19 16 12 49 02 20  04
36 18 43 15 13 45  07
15 17 22 37 47 39  26
42 32 04 20 02 15  48
34 08 46 39 26 36  35
40 01 47 02 29 24  07
25 34 26 41 45 22  15
41 35 16 13 31 42  36
44 15 14 16 18 13  48
30 27 29 25 11 44  23
33 19 43 42 45 03  44
42 03 13 40 31 09  30
38 17 35 27 32 02  41
24 08 02 22 35 18  17
10 09 06 20 01 46  14
42 26 28 06 15 03  21
42 09 02 43 04 28  45
11 19 41 35 45 13  24
02 38 23 28 45 08  21
24 07 45 21 33 35  26
17 42 03 01 09 18  07
25 38 01 05 32 39  04
05 44 10 04 17 39  24
20 15 10 46 21 34  04
14 01 38 17 35 23  31
35 31 12 29 06 23  21
04 15 16 49 34 08  45
40 46 37 08 09 49  41
10 40 27 28 47 46  18
43 04 30 49 37 02  10
04 45 24 32 02 28  38
33 06 44 23 30 43  10
20 22 27 26 44 31  49
42 27 21 17 36 06  23
33 39 09 38 27 40  14
33 26 28 41 31 40  19
