11 13 22 16 21 18  06
22 28 16 05 14 26  27
05 14 45 48 16 25  42
45 08 16 40 04 39  10
29 09 30 23 25 48  01
26 48 38 27 21 35  41
05 19 35 18 45 28  27
09 02 03 41 24 33  40
48 07 06 24 17 41  16
46 18 19 39 26 34  02
09 08 38 17 37 31  02
03 43 46 15 32 09  28
06 32 30 34 02 04  40
10 38 01 13 14 39  41
25 09 42 47 20 36  13
41 24 16 05 01 13  14
10 14 13 49 04 08  07
36 35 24 27 21 32  16
29 27 05 26 21 28  44
20 17 01 49 07 29  19
32 11 28 07 05 04  03
04 32 03 45 11 15  01
08 19 43 44 48 49  46
47 37 11 44 20 31  46
25 17 36 22 16 18  47
06 28 10 01 21 35  46
24 11 10 33 34 38  16
28 12 46 31 03 26  16
17 28 09 45 13 14  20
14 40 10 35 48 43  21
39 22 04 01 14 18  48
16 04 37 47 28 38  30
39 19 37 04 41 30  31
45 12 39 08 29 33  36
46 11 32 07 22 27  17
16 47 29 44 14 45  42
01 44 22 36 03 08  29
29 31 40 02 48 22  20
42 20 31 43 23 21  41
43 37 40 35 11 23  30
42 35 20 25 45 11  08
03 30 33 37 25 05  35
36 38 07 41 02 20  40
32 42 46 37 33 31  17
36 21 37 35 19 30  33
38 02 49 42 01 24  19
27 06 35 17 25 40  32
29 01 39 16 23 46  17
23 12 05 39 29 16  11
03 21 33 22 18 13  08
05 24 41 07 26 49  03
26 41 28 16 44 07  24
19 41 40 34 46 24  15
37 40 31 02 39 38  44
01 27 34 08 21 05  20
40 35 34 15 29 26  09
22 49 39 37 31 16  32
44 39 32 47 29 01  17
07 48 12 20 04 39  14
22 37 11 10 04 15  49
12 26 29 18 33 17  41
14 40 43 30 18 46  27
28 49 09 22 32 33  18
16 26 04 25 33 42  30
24 11 07 46 28 13  26
42 19 44 16 26 05  06
15 37 38 40 30 09  01
08 07 23 47 21 12  10
49 26 36 08 32 35  24
21 20 02 40 19 11  43
05 21 18 49 35 10  11
45 48 11 42 15 05  14
12 08 27 13 35 02  37
04 09 20 02 35 40  44
23 34 05 26 49 31  24
20 07 15 41 13 21  02
21 11 41 48 08 38  49
02 49 14 13 45 21  19
42 21 14 17 46 29  49
40 04 47 16 46 43  27
02 42 25 27 22 35  13
05 25 48 43 02 03  24
02 16 41 10 44 18  31
07 34 12 40 48 30  33
26 47 13 29 05 40  42
42 33 15 06 25 22  24
04 17 43 28 23 46  22
12 38 41 49 13 44  22
37 33 28 29 35 12  22
17 09 35 31 26 36  42
08 46 42 49 30 48  07
46 45 34 18 41 03  37
39 20 12 30 05 08  23
29 17 42 06 48 33  34
38 17 34 46 06 12  43
25 02 35 08 05 22  16
08 43 48 12 30 46  35
49 34 40 21 37 18  28
11 09 37 06 25 16  45
10 09 01 36 07 44  37
03 01 06 07 49 36  42
46 06 39 49 40 16  41
11 48 07 23 03 20  38
17 25 34 43 19 45  47
02 03 16 42 43 45  27
19 34 37 04 02 41  05
35 36 24 39 10 20  12
03 22 39 04 07 30  06
08 47 49 05 46 31  34
40 26 33 19 12 17  25
35 23 48 36 13 10  47
39 23 30 37 16 43  05
49 42 31 30 45 07  46
26 18 22 21 29 09  27
16 36 27 21 07 17  06
29 16 08 31 05 06  12
21 15 14 22 40 32  02
22 37 45 44 41 42  27
24 13 38 46 21 09  27
47 10 26 42 07 04  13
30 45 01 44 49 29  41
38 29 43 20 02 39  37
09 35 46 04 23 49  18
28 33 42 01 41 45  08
14 33 41 20 03 08  32
08 47 31 36 17 09  46
24 12 07 49 08 30  27
36 17 24 05 45 25  15
27 25 09 05 44 33  17
41 45 43 49 15 04  18
15 43 05 29 06 28  48
21 28 48 47 07 18  35
46 03 39 49 12 20  19
30 06 47 20 33 39  23
06 30 09 33 03 29  14
30 10 24 11 01 49  35
28 39 22 45 17 31  08
26 44 13 43 17 25  42
16 19 45 03 48 14  09
11 06 17 40 41 31  34
10 20 46 47 09 42  27
28 12 13 20 18 48  14
04 20 10 33 36 25  37
27 15 24 30 18 22  10
29 28 07 48 03 38  40
18 13 29 19 12 27  10
45 15 39 19 34 44  23
04 41 12 18 16 05  07
04 03 35 41 24 15  36
04 43 01 13 02 48  11
08 36 28 37 23 31  12
13 04 18 39 36 20  12
