01 13 20 24 37 39  03
20 39 16 09 38 04  40
07 26 04 15 14 19  43
12 27 21 33 10 18  04
29 42 48 01 02 37  38
17 25 19 36 44 40  10
31 18 32 46 13 29  02
41 15 09 21 33 31  37
28 42 37 21 30 05  48
15 49 45 39 01 30  37
16 17 26 09 21 14  20
06 25 35 14 29 01  48
09 10 08 29 49 05  46
46 32 08 22 48 01  09
28 36 37 08 10 06  21
31 01 16 27 47 02  19
28 21 32 34 11 27  17
36 09 20 18 03 02  12
10 37 20 47 24 13  16
38 16 41 17 27 18  30
30 24 25 35 09 37  45
16 13 42 18 23 34  40
03 21 28 22 08 48  05
30 26 07 29 41 27  44
47 24 01 37 33 28  49
45 04 30 43 41 25  29
33 09 08 49 13 17  30
34 29 02 25 16 07  10
37 33 23 04 47 15  22
06 21 49 02 45 46  28
14 06 43 27 26 30  21
15 16 11 04 35 42  09
05 31 04 23 48 39  20
41 33 31 24 08 12  20
24 45 18 34 38 26  15
17 16 10 42 43 38  13
02 20 47 31 12 25  29
20 49 09 02 24 01  43
38 24 39 23 06 40  32
03 31 15 36 12 49  11
26 08 10 29 41 44  09
26 21 31 43 05 01  22
10 34 24 06 47 37  12
09 02 04 31 12 21  10
12 14 37 23 39 32  28
17 16 01 36 26 31  45
22 20 18 01 46 08  28
26 22 09 01 06 10  35
43 26 30 31 02 04  38
30 25 29 15 11 49  47
30 06 49 01 15 33  03
30 34 23 10 29 09  36
34 02 23 38 13 03  05
05 32 48 20 15 06  22
29 14 26 10 39 41  06
04 45 09 39 25 28  30
04 22 15 33 10 35  48
35 49 12 27 46 14  31
48 32 15 18 30 13  08
45 36 47 17 22 15  35
48 39 33 20 11 31  04
48 05 06 37 44 22  23
38 07 43 44 13 34  10
04 24 10 01 30 39  08
47 23 39 07 02 18  17
46 33 36 49 07 08  18
49 24 42 22 33 36  38
05 42 06 03 39 15  35
44 13 04 35 17 01  22
48 39 19 13 22 12  46
04 44 12 47 48 26  02
38 44 14 49 48 16  39
47 10 32 21 16 09  38
02 32 15 27 49 43  42
23 30 24 04 34 45  19
15 17 04 45 43 47  38
48 40 49 20 10 46  13
35 31 34 05 13 33  27
09 32 16 28 30 22  37
35 10 29 40 14 46  30
10 48 01 13 42 11  15
41 16 28 33 18 45  29
48 11 33 37 45 13  36
11 20 31 48 49 17  35
03 31 10 40 43 41  20
30 28 26 49 06 18  22
37 29 08 48 27 07  21
35 26 15 34 41 25  10
47 30 42 11 36 21  34
46 47 06 45 44 29  30
24 21 11 47 25 14  36
25 32 34 02 11 39  31
42 30 45 09 34 31  24
48 05 25 45 11 06  34
37 35 06 25 07 04  48
31 23 11 49 37 18  10
22 38 09 10 08 05  07
45 17 43 14 05 49  12
15 47 17 13 26 23  01
41 24 25 36 11 45  40
25 28 10 20 06 17  02
10 09 27 29 19 45  30
48 46 49 09 15 24  06
44 49 33 34 02 29  42
22 21 04 46 18 39  29
21 44 07 04 23 01  17
44 30 39 18 14 22  32
49 19 15 36 44 45  16
46 16 28 13 19 11  22
49 29 13 41 05 07  25
14 06 43 25 35 12  42
40 10 47 48 27 33  13
39 44 10 08 27 19  06
34 40 16 18 28 06  38
37 04 23 22 49 40  13
37 22 41 09 14 45  05
39 01 37 09 04 15  47
24 37 41 04 08 26  33
33 25 06 22 02 39  46
33 30 40 28 02 08  23
37 41 11 24 43 28  13
23 37 48 09 04 47  14
32 16 34 23 35 02  40
01 11 20 18 26 30  47
26 35 22 29 27 17  44
46 48 22 01 43 09  49
12 15 17 39 05 18  47
19 08 21 15 24 44  10
03 01 34 44 41 21  43
03 16 11 01 07 34  49
30 23 34 02 40 42  48
04 37 49 20 07 09  33
17 33 42 10 29 48  35
14 30 26 25 11 07  29
03 44 42 23 06 24  35
14 22 13 10 47 12  21
24 43 21 47 31 07  05
35 03 41 38 05 19  32
39 33 47 42 22 04  14
13 06 42 40 37 03  29
22 33 01 08 28 03  05
18 37 03 02 09 23  31
05 01 11 02 43 06  25
20 28 22 36 48 05  01
03 42 21 25 14 27  34
40 36 38 03 25 32  31
21 29 43 47 09 34  32
01 38 35 23 02 46  05
43 31 26 29 49 37  02
49 37 05 18 16 28  24
27 17 24 04 01 43  41
30 08 37 48 38 31  05
39 23 07 21 10 29  01
27 03 44 40 02 49  38
