31 05 12 37 45 34  10
33 48 11 46 09 43  02
31 03 07 32 10 35  30
26 31 35 20 03 32  12
44 36 27 48 15 32  47
36 10 24 13 20 29  14
36 24 44 16 35 23  01
18 14 02 39 25 01  31
20 47 10 18 14 34  41
10 34 03 11 29 17  15
29 42 46 28 27 22  49
45 14 20 38 46 21  47
06 20 27 12 16 38  07
11 30 41 45 16 34  47
12 33 34 20 03 41  43
39 34 09 41 33 07  48
37 10 14 49 39 21  25
25 44 04 12 42 18  08
05 16 41 46 12 17  15
49 01 15 35 11 12  17
47 22 15 05 01 43  37
49 26 27 14 24 12  22
24 08 37 49 28 09  47
31 40 34 30 47 25  13
01 04 08 28 21 03  05
07 36 33 28 03 31  32
03 36 35 05 17 09  43
42 23 48 33 39 10  34
07 26 43 47 08 48  12
34 28 49 04 31 48  06
18 13 23 04 45 06  15
46 13 44 29 11 18  37
02 47 38 48 49 35  41
49 23 35 32 03 43  34
25 17 43 02 07 30  38
21 28 16 10 31 29  08
33 44 30 11 19 37  18
46 21 47 28 20 44  42
17 45 13 15 18 41  14
24 49 03 14 22 34  44
04 47 11 16 42 26  06
16 02 25 28 17 11  41
03 40 15 20 32 19  25
07 06 17 46 35 19  04
41 05 12 13 37 20  23
03 41 21 11 42 01  02
28 17 29 34 31 01  45
17 30 11 07 22 10  14
20 19 17 11 29 32  38
32 33 19 26 05 17  22
46 02 47 49 28 20  03
04 17 11 49 29 39  08
33 09 04 17 34 10  35
17 23 46 32 34 13  41
21 30 34 45 39 16  04
23 14 33 05 22 16  32
27 01 10 15 37 21  40
41 23 47 26 17 03  33
08 01 26 32 22 37  41
02 05 08 40 29 47  34
09 20 10 38 49 22  07
18 08 31 37 22 20  46
09 04 39 47 24 31  38
43 19 47 20 09 14  37
43 21 34 10 26 35  37
39 17 04 48 20 29  09
08 44 37 15 18 39  06
30 16 36 14 07 25  32
07 29 04 06 13 02  09
42 48 26 10 13 40  24
35 02 08 05 13 17  28
34 09 40 14 17 48  39
06 19 26 37 28 49  47
03 36 19 27 06 14  24
10 37 32 28 13 41  01
06 12 14 31 10 38  20
02 24 03 26 11 27  44
22 46 04 01 05 44  37
07 04 13 28 49 36  03
40 33 44 02 39 13  43
24 02 06 41 46 16  27
24 30 11 08 49 17  03
30 46 34 20 09 35  29
19 23 07 45 34 30  13
22 23 15 45 11 10  31
22 11 44 24 09 13  32
18 44 45 25 38 40  05
02 35 23 16 47 10  01
49 09 11 12 22 28  07
42 20 49 15 08 41  12
02 40 09 13 46 44  10
22 13 20 46 10 42  48
05 42 41 31 11 12  16
47 34 16 37 13 02  28
19 05 23 06 13 34  08
07 10 32 34 22 48  45
36 01 12 38 07 17  48
15 13 25 45 28 47  05
21 47 38 07 22 03  27
17 07 49 29 24 47  45
21 11 26 34 07 15  38
21 19 12 15 09 47  38
45 43 24 20 36 34  03
06 38 43 13 41 33  29
04 15 27 34 07 12  37
11 41 25 27 04 39  43
16 22 42 31 20 48  43
27 18 07 21 48 06  42
27 15 43 38 42 26  39
02 49 38 35 33 13  40
01 28 17 04 32 20  47
17 03 40 15 10 01  28
02 17 26 16 08 20  32
33 12 37 24 44 25  13
01 10 47 29 12 13  09
21 22 36 15 27 17  16
46 18 40 11 01 03  35
26 05 11 33 41 06  04
35 27 09 44 39 17  40
10 06 04 16 29 14  26
31 04 19 44 34 37  06
11 29 45 47 28 41  21
40 17 43 23 41 08  28
34 36 26 28 30 39  01
40 01 28 34 20 30  19
18 34 28 24 42 15  02
36 33 46 12 01 48  41
37 39 06 28 08 01  42
47 26 37 44 31 15  43
26 45 47 35 28 09  25
29 05 30 26 25 03  31
46 20 36 41 18 48  21
12 07 24 39 43 48  30
45 02 11 20 37 47  13
49 09 22 26 30 44  31
04 15 02 03 40 23  13
47 08 21 20 34 24  10
13 32 28 17 26 34  06
36 10 17 38 27 16  47
10 18 11 37 47 07  04
01 41 43 06 38 45  48
47 22 34 15 30 33  38
42 49 15 02 28 41  24
42 47 09 06 29 31  14
18 28 41 33 21 47  48
21 08 14 41 48 45  34
36 40 04 34 25 12  49
09 27 34 28 32 43  02
24 46 18 49 23 12  14
47 29 07 44 04 39  23
01 11 33 06 39 09  40
06 48 30 05 25 32  45
