44 42 15 35 08 31  39
14 16 18 03 49 38  29
08 28 44 18 37 19  13
47 21 10 40 24 33  05
37 40 43 21 27 16  14
14 49 01 43 02 37  24
27 14 25 15 30 16  11
29 13 09 15 05 07  47
42 30 46 08 21 16  32
18 17 26 20 32 31  06
05 10 13 28 35 04  12
46 47 14 07 17 05  27
49 43 11 36 47 34  21
22 18 17 13 16 45  10
17 18 05 07 27 48  30
30 23 02 41 34 17  14
31 14 07 10 09 22  35
10 25 21 35 12 02  26
44 22 28 33 14 46  25
42 46 29 28 15 20  35
48 17 32 28 33 18  37
22 20 25 33 12 10  27
23 06 09 43 25 41  38
17 25 46 27 13 49  19
10 38 20 02 06 40  46
32 08 49 06 16 12  37
22 45 01 27 48 18  25
23 14 25 37 24 17  34
29 04 21 37 25 32  27
01 11 05 47 34 23  14
31 30 43 15 17 12  46
26 34 38 07 33 30  05
42 37 02 05 44 13  27
39 06 02 09 49 16  29
37 11 16 29 06 30  34
27 46 10 36 02 05  07
04 42 37 12 20 47  35
26 44 45 29 12 09  19
43 21 46 42 26 24  04
11 34 38 31 37 10  14
19 17 06 20 18 42  25
30 40 35 42 31 48  06
05 20 35 01 39 03  28
31 29 47 41 12 17  38
24 13 48 03 20 43  49
08 04 03 36 07 26  31
19 24 36 12 49 21  23
36 08 28 01 31 45  09
08 36 30 42 06 34  12
11 42 43 49 13 41  29
14 21 25 07 03 29  06
02 15 39 44 38 13  08
26 03 15 07 25 47  10
48 05 17 22 34 38  02
36 21 44 32 37 46  47
48 37 27 28 21 33  13
16 19 47 18 36 42  46
43 44 45 05 13 10  07
07 45 42 37 10 15  41
02 47 44 07 23 20  30
42 09 45 36 28 16  02
11 21 38 42 12 15  25
24 49 31 28 39 18  44
22 27 09 11 49 14  44
20 16 07 17 25 12  31
44 35 10 13 38 42  27
26 33 12 24 25 10  23
13 26 44 40 24 16  42
34 16 12 48 31 42  37
40 28 49 26 01 05  15
43 41 09 08 33 18  15
21 27 12 14 38 43  15
11 04 48 44 23 32  49
47 34 09 32 24 43  35
40 28 29 38 19 09  33
17 22 05 28 02 27  37
07 10 13 38 20 08  05
38 35 22 18 23 16  25
20 23 13 24 46 47  39
42 41 15 19 14 04  10
45 49 40 33 10 43  38
15 11 28 30 04 26  13
32 25 33 35 34 12  45
11 48 24 17 05 04  46
32 47 14 31 28 20  18
15 13 05 09 21 23  12
23 41 40 22 42 35  16
12 25 46 10 42 19  37
27 26 47 22 28 36  12
21 24 22 08 04 01  46
02 06 30 33 25 13  20
43 17 49 07 34 41  01
18 04 44 05 23 21  06
32 02 37 36 26 31  12
41 42 39 16 15 03  36
29 09 39 13 30 45  48
09 32 37 39 22 28  47
31 10 05 36 08 06  17
16 45 34 12 36 42  41
15 40 26 36 20 16  46
22 04 41 01 13 32  26
11 01 36 13 35 23  34
05 38 21 25 13 40  17
05 22 17 25 27 03  46
09 41 04 17 01 35  37
10 16 15 24 04 28  49
37 43 06 18 16 15  02
46 28 10 23 09 37  34
39 30 16 10 40 08  06
32 02 22 07 09 46  26
17 40 08 28 34 39  14
22 36 46 04 35 21  40
34 30 04 33 01 22  26
17 30 34 18 33 26  29
33 48 02 19 12 34  24
46 15 38 39 07 11  25
25 48 16 40 14 01  17
27 34 18 45 35 28  02
33 20 22 44 31 39  10
31 22 05 46 04 06  47
28 04 48 37 10 42  08
38 12 25 07 13 34  15
25 44 11 05 27 10  07
06 16 34 44 48 27  01
47 04 43 28 42 14  03
10 24 28 45 33 20  19
13 15 45 28 41 24  20
33 13 47 31 35 12  21
15 40 41 13 48 25  19
33 30 38 20 39 09  37
44 17 21 41 36 22  38
44 10 39 17 25 26  07
31 25 28 24 15 21  48
08 10 33 22 09 40  28
42 14 41 04 44 11  10
19 16 35 06 34 46  09
49 25 10 09 40 48  32
09 29 24 47 32 34  42
16 42 44 27 35 18  33
18 41 40 48 49 22  42
20 36 24 18 45 44  39
43 45 20 16 06 11  21
44 36 38 11 28 48  26
18 20 12 33 47 28  25
37 01 08 42 47 33  07
30 38 33 20 03 05  28
22 24 11 25 02 12  03
